chromosome,density,n
Y,3.132143373064791e-5,1
X,1.6759849332389346e-4,1
4,2.882097854181575e-4,1
9,3.047016682127368e-4,1
1,3.087018387862818e-4,1
5,3.1006370339846015e-4,1
19,3.1499289349653977e-4,1
2,3.1825689268776377e-4,1
3,3.1998197240224884e-4,1
7,3.20384371224785e-4,1
17,3.293088585909164e-4,1
16,3.349093883981935e-4,1
8,3.3679277879054744e-4,1
15,3.4455046070703475e-4,1
14,3.5007749517087193e-4,1
12,3.527689340799763e-4,1
11,3.5602880665796724e-4,1
18,3.5859269820602113e-4,1
21,3.5962052790383247e-4,1
6,3.703656963772531e-4,1
10,3.7162641137281684e-4,1
13,3.7563715570602604e-4,1
20,3.7922507835777563e-4,1
22,4.0174204468123735e-4,1
MT,0.1484544795943009,1
